country,country_code,continent,population,indicator,weekly_count,year_week,rate_14_day,cumulative_count
Angola,AGO,Africa,32866268,cases,2,2020-12,0.000000,2
Angola,AGO,Africa,32866268,cases,5,2020-13,0.021000,7
Angola,AGO,Africa,32866268,cases,7,2020-14,0.037000,14
Angola,AGO,Africa,32866268,cases,5,2020-15,0.037000,19
Angola,AGO,Africa,32866268,cases,5,2020-16,0.030000,24
Angola,AGO,Africa,32866268,cases,2,2020-17,0.021000,26
Angola,AGO,Africa,32866268,cases,9,2020-18,0.033000,35
Angola,AGO,Africa,32866268,cases,10,2020-19,0.058000,45
Angola,AGO,Africa,32866268,cases,3,2020-20,0.040000,48
Angola,AGO,Africa,32866268,cases,21,2020-21,0.073000,69
Angola,AGO,Africa,32866268,cases,17,2020-22,0.116000,86
Angola,AGO,Africa,32866268,cases,5,2020-23,0.067000,91
Angola,AGO,Africa,32866268,cases,49,2020-24,0.164000,140
Angola,AGO,Africa,32866268,cases,36,2020-25,0.259000,176
Angola,AGO,Africa,32866268,cases,91,2020-26,0.386000,267
Angola,AGO,Africa,32866268,cases,79,2020-27,0.517000,346
Angola,AGO,Africa,32866268,cases,160,2020-28,0.727000,506
Angola,AGO,Africa,32866268,cases,199,2020-29,1.092000,705
Angola,AGO,Africa,32866268,cases,225,2020-30,1.290000,930
Angola,AGO,Africa,32866268,cases,218,2020-31,1.348000,1148
Angola,AGO,Africa,32866268,cases,424,2020-32,1.953000,1572
Angola,AGO,Africa,32866268,cases,307,2020-33,2.224000,1879
Angola,AGO,Africa,32866268,cases,292,2020-34,1.823000,2171
Angola,AGO,Africa,32866268,cases,453,2020-35,2.267000,2624
Angola,AGO,Africa,32866268,cases,311,2020-36,2.325000,2935
Angola,AGO,Africa,32866268,cases,400,2020-37,2.163000,3335
Angola,AGO,Africa,32866268,cases,656,2020-38,3.213000,3991
Angola,AGO,Africa,32866268,cases,681,2020-39,4.068000,4672
Angola,AGO,Africa,32866268,cases,698,2020-40,4.196000,5370
Angola,AGO,Africa,32866268,cases,876,2020-41,4.789000,6246
Angola,AGO,Africa,32866268,cases,1216,2020-42,6.365000,7462
Angola,AGO,Africa,32866268,cases,1564,2020-43,8.459000,9026
Angola,AGO,Africa,32866268,cases,1779,2020-44,10.172000,10805
Angola,AGO,Africa,32866268,cases,1530,2020-45,10.068000,12335
Angola,AGO,Africa,32866268,cases,1039,2020-46,7.817000,13374
Angola,AGO,Africa,32866268,cases,1119,2020-47,6.566000,14493
Angola,AGO,Africa,32866268,cases,610,2020-48,5.261000,15103
Angola,AGO,Africa,32866268,cases,433,2020-49,3.173000,15536
Angola,AGO,Africa,32866268,cases,652,2020-50,3.301000,16188
Angola,AGO,Africa,32866268,cases,456,2020-51,3.371000,16644
Angola,AGO,Africa,32866268,cases,652,2020-52,3.371000,17296
Angola,AGO,Africa,32866268,cases,346,2020-53,3.037000,17642
Angola,AGO,Africa,32866268,cases,551,2021-1,2.729000,18193
Angola,AGO,Africa,32866268,cases,682,2021-2,3.752000,18875
Angola,AGO,Africa,32866268,cases,524,2021-3,3.669000,19399
Angola,AGO,Africa,32866268,cases,397,2021-4,2.802000,19796
Angola,AGO,Africa,32866268,cases,290,2021-5,2.090000,20086
Angola,AGO,Africa,32866268,cases,280,2021-6,1.734000,20366
Angola,AGO,Africa,32866268,cases,153,2021-7,1.317000,20519
Angola,AGO,Africa,32866268,cases,288,2021-8,1.342000,20807
Angola,AGO,Africa,32866268,cases,279,2021-9,1.725000,21086
Angola,AGO,Africa,32866268,cases,294,2021-10,1.743000,21380
Angola,AGO,Africa,32866268,cases,353,2021-11,1.969000,21733
Angola,AGO,Africa,32866268,cases,330,2021-12,2.078000,22063
Angola,AGO,Africa,32866268,cases,568,2021-13,2.732000,22631
Angola,AGO,Africa,32866268,cases,700,2021-14,3.858000,23331
Angola,AGO,Africa,32866268,cases,1058,2021-15,5.349000,24389
Angola,AGO,Africa,32866268,deaths,0,2020-12,0.000000,0
Angola,AGO,Africa,32866268,deaths,2,2020-13,0.061000,2
Angola,AGO,Africa,32866268,deaths,0,2020-14,0.061000,2
Angola,AGO,Africa,32866268,deaths,0,2020-15,0.000000,2
Angola,AGO,Africa,32866268,deaths,0,2020-16,0.000000,2
Angola,AGO,Africa,32866268,deaths,0,2020-17,0.000000,2
Angola,AGO,Africa,32866268,deaths,0,2020-18,0.000000,2
Angola,AGO,Africa,32866268,deaths,0,2020-19,0.000000,2
Angola,AGO,Africa,32866268,deaths,0,2020-20,0.000000,2
Angola,AGO,Africa,32866268,deaths,2,2020-21,0.061000,4
Angola,AGO,Africa,32866268,deaths,0,2020-22,0.061000,4
Angola,AGO,Africa,32866268,deaths,0,2020-23,0.000000,4
Angola,AGO,Africa,32866268,deaths,2,2020-24,0.061000,6
Angola,AGO,Africa,32866268,deaths,3,2020-25,0.152000,9
Angola,AGO,Africa,32866268,deaths,2,2020-26,0.152000,11
Angola,AGO,Africa,32866268,deaths,8,2020-27,0.304000,19
Angola,AGO,Africa,32866268,deaths,7,2020-28,0.456000,26
Angola,AGO,Africa,32866268,deaths,3,2020-29,0.304000,29
Angola,AGO,Africa,32866268,deaths,11,2020-30,0.426000,40
Angola,AGO,Africa,32866268,deaths,12,2020-31,0.700000,52
Angola,AGO,Africa,32866268,deaths,18,2020-32,0.913000,70
Angola,AGO,Africa,32866268,deaths,16,2020-33,1.034000,86
Angola,AGO,Africa,32866268,deaths,10,2020-34,0.791000,96
Angola,AGO,Africa,32866268,deaths,11,2020-35,0.639000,107
Angola,AGO,Africa,32866268,deaths,10,2020-36,0.639000,117
Angola,AGO,Africa,32866268,deaths,15,2020-37,0.761000,132
Angola,AGO,Africa,32866268,deaths,20,2020-38,1.065000,152
Angola,AGO,Africa,32866268,deaths,19,2020-39,1.187000,171
Angola,AGO,Africa,32866268,deaths,22,2020-40,1.247000,193
Angola,AGO,Africa,32866268,deaths,25,2020-41,1.430000,218
Angola,AGO,Africa,32866268,deaths,23,2020-42,1.460000,241
Angola,AGO,Africa,32866268,deaths,26,2020-43,1.491000,267
Angola,AGO,Africa,32866268,deaths,17,2020-44,1.308000,284
Angola,AGO,Africa,32866268,deaths,19,2020-45,1.095000,303
Angola,AGO,Africa,32866268,deaths,19,2020-46,1.156000,322
Angola,AGO,Africa,32866268,deaths,15,2020-47,1.034000,337
Angola,AGO,Africa,32866268,deaths,9,2020-48,0.730000,346
Angola,AGO,Africa,32866268,deaths,8,2020-49,0.517000,354
Angola,AGO,Africa,32866268,deaths,17,2020-50,0.761000,371
Angola,AGO,Africa,32866268,deaths,16,2020-51,1.004000,387
Angola,AGO,Africa,32866268,deaths,16,2020-52,0.974000,403
Angola,AGO,Africa,32866268,deaths,5,2020-53,0.639000,408
Angola,AGO,Africa,32866268,deaths,8,2021-1,0.396000,416
Angola,AGO,Africa,32866268,deaths,20,2021-2,0.852000,436
Angola,AGO,Africa,32866268,deaths,23,2021-3,1.308000,459
Angola,AGO,Africa,32866268,deaths,7,2021-4,0.913000,466
Angola,AGO,Africa,32866268,deaths,9,2021-5,0.487000,475
Angola,AGO,Africa,32866268,deaths,17,2021-6,0.791000,492
Angola,AGO,Africa,32866268,deaths,7,2021-7,0.730000,499
Angola,AGO,Africa,32866268,deaths,9,2021-8,0.487000,508
Angola,AGO,Africa,32866268,deaths,6,2021-9,0.456000,514
Angola,AGO,Africa,32866268,deaths,7,2021-10,0.396000,521
Angola,AGO,Africa,32866268,deaths,6,2021-11,0.396000,527
Angola,AGO,Africa,32866268,deaths,6,2021-12,0.365000,533
Angola,AGO,Africa,32866268,deaths,9,2021-13,0.456000,542
Angola,AGO,Africa,32866268,deaths,8,2021-14,0.517000,550
Angola,AGO,Africa,32866268,deaths,11,2021-15,0.578000,561
South Africa,ZAF,Africa,59308690,cases,3,2020-10,0.000000,3
South Africa,ZAF,Africa,59308690,cases,48,2020-11,0.086000,51
South Africa,ZAF,Africa,59308690,cases,223,2020-12,0.457000,274
South Africa,ZAF,Africa,59308690,cases,1006,2020-13,2.072000,1280
South Africa,ZAF,Africa,59308690,cases,375,2020-14,2.328000,1655
South Africa,ZAF,Africa,59308690,cases,518,2020-15,1.506000,2173
South Africa,ZAF,Africa,59308690,cases,985,2020-16,2.534000,3158
South Africa,ZAF,Africa,59308690,cases,1388,2020-17,4.001000,4546
South Africa,ZAF,Africa,59308690,cases,2237,2020-18,6.112000,6783
South Africa,ZAF,Africa,59308690,cases,3232,2020-19,9.221000,10015
South Africa,ZAF,Africa,59308690,cases,5500,2020-20,14.723000,15515
South Africa,ZAF,Africa,59308690,cases,7068,2020-21,21.191000,22583
South Africa,ZAF,Africa,59308690,cases,10100,2020-22,28.947001,32683
South Africa,ZAF,Africa,59308690,cases,15602,2020-23,43.335999,48285
South Africa,ZAF,Africa,59308690,cases,21753,2020-24,62.984001,70038
South Africa,ZAF,Africa,59308690,cases,27264,2020-25,82.647003,97302
South Africa,ZAF,Africa,59308690,cases,40832,2020-26,114.816002,138134
South Africa,ZAF,Africa,59308690,cases,58616,2020-27,167.679001,196750
South Africa,ZAF,Africa,59308690,cases,79492,2020-28,232.863007,276242
South Africa,ZAF,Africa,59308690,cases,88086,2020-29,282.552002,364328
South Africa,ZAF,Africa,59308690,cases,81105,2020-30,285.272003,445433
South Africa,ZAF,Africa,59308690,cases,66052,2020-31,248.119995,511485
South Africa,ZAF,Africa,59308690,cases,48373,2020-32,192.931000,559858
South Africa,ZAF,Africa,59308690,cases,27487,2020-33,127.906998,587345
South Africa,ZAF,Africa,59308690,cases,22428,2020-34,84.161003,609773
South Africa,ZAF,Africa,59308690,cases,15283,2020-35,63.584000,625056
South Africa,ZAF,Africa,59308690,cases,13461,2020-36,48.465000,638517
South Africa,ZAF,Africa,59308690,cases,11276,2020-37,41.709000,649793
South Africa,ZAF,Africa,59308690,cases,11418,2020-38,38.264000,661211
South Africa,ZAF,Africa,59308690,cases,9555,2020-39,35.362000,670766
South Africa,ZAF,Africa,59308690,cases,10523,2020-40,33.853001,681289
South Africa,ZAF,Africa,59308690,cases,11182,2020-41,36.597000,692471
South Africa,ZAF,Africa,59308690,cases,11322,2020-42,37.944000,703793
South Africa,ZAF,Africa,59308690,cases,12075,2020-43,39.450001,715868
South Africa,ZAF,Africa,59308690,cases,10955,2020-44,38.831001,726823
South Africa,ZAF,Africa,59308690,cases,10455,2020-45,36.098999,737278
South Africa,ZAF,Africa,59308690,cases,13746,2020-46,40.805000,751024
South Africa,ZAF,Africa,59308690,cases,16655,2020-47,51.258999,767679
South Africa,ZAF,Africa,59308690,cases,20023,2020-48,61.842999,787702
South Africa,ZAF,Africa,59308690,cases,26863,2020-49,79.054001,814565
South Africa,ZAF,Africa,59308690,cases,46399,2020-50,123.527000,860964
South Africa,ZAF,Africa,59308690,cases,60958,2020-51,181.014008,921922
South Africa,ZAF,Africa,59308690,cases,89949,2020-52,254.442993,1011871
South Africa,ZAF,Africa,59308690,cases,88877,2020-53,301.516998,1100748
South Africa,ZAF,Africa,59308690,cases,130849,2021-1,370.479004,1231597
South Africa,ZAF,Africa,59308690,cases,106329,2021-2,399.903992,1337926
South Africa,ZAF,Africa,59308690,cases,75060,2021-3,305.838989,1412986
South Africa,ZAF,Africa,59308690,cases,43323,2021-4,199.604996,1456309
South Africa,ZAF,Africa,59308690,cases,19826,2021-5,106.474998,1476135
South Africa,ZAF,Africa,59308690,cases,15672,2021-6,59.853001,1491807
South Africa,ZAF,Africa,59308690,cases,11989,2021-7,46.639000,1503796
South Africa,ZAF,Africa,59308690,cases,8429,2021-8,34.426998,1512225
South Africa,ZAF,Africa,59308690,cases,7981,2021-9,27.669001,1520206
South Africa,ZAF,Africa,59308690,cases,9214,2021-10,28.992001,1529420
South Africa,ZAF,Africa,59308690,cases,8432,2021-11,29.753000,1537852
South Africa,ZAF,Africa,59308690,cases,7579,2021-12,26.996000,1545431
South Africa,ZAF,Africa,59308690,cases,6533,2021-13,23.794001,1551964
South Africa,ZAF,Africa,59308690,cases,6494,2021-14,21.965000,1558458
South Africa,ZAF,Africa,59308690,cases,8311,2021-15,24.962999,1566769
South Africa,ZAF,Africa,59308690,deaths,0,2020-10,0.000000,0
South Africa,ZAF,Africa,59308690,deaths,0,2020-11,0.000000,0
South Africa,ZAF,Africa,59308690,deaths,0,2020-12,0.000000,0
South Africa,ZAF,Africa,59308690,deaths,2,2020-13,0.034000,2
South Africa,ZAF,Africa,59308690,deaths,9,2020-14,0.185000,11
South Africa,ZAF,Africa,59308690,deaths,14,2020-15,0.388000,25
South Africa,ZAF,Africa,59308690,deaths,29,2020-16,0.725000,54
South Africa,ZAF,Africa,59308690,deaths,33,2020-17,1.045000,87
South Africa,ZAF,Africa,59308690,deaths,44,2020-18,1.298000,131
South Africa,ZAF,Africa,59308690,deaths,63,2020-19,1.804000,194
South Africa,ZAF,Africa,59308690,deaths,70,2020-20,2.243000,264
South Africa,ZAF,Africa,59308690,deaths,165,2020-21,3.962000,429
South Africa,ZAF,Africa,59308690,deaths,254,2020-22,7.065000,683
South Africa,ZAF,Africa,59308690,deaths,315,2020-23,9.594000,998
South Africa,ZAF,Africa,59308690,deaths,482,2020-24,13.438000,1480
South Africa,ZAF,Africa,59308690,deaths,450,2020-25,15.714000,1930
South Africa,ZAF,Africa,59308690,deaths,526,2020-26,16.455999,2456
South Africa,ZAF,Africa,59308690,deaths,743,2020-27,21.396999,3199
South Africa,ZAF,Africa,59308690,deaths,880,2020-28,27.365000,4079
South Africa,ZAF,Africa,59308690,deaths,954,2020-29,30.923000,5033
South Africa,ZAF,Africa,59308690,deaths,1736,2020-30,45.355999,6769
South Africa,ZAF,Africa,59308690,deaths,1597,2020-31,56.196999,8366
South Africa,ZAF,Africa,59308690,deaths,2042,2020-32,61.356998,10408
South Africa,ZAF,Africa,59308690,deaths,1431,2020-33,58.557999,11839
South Africa,ZAF,Africa,59308690,deaths,1220,2020-34,44.698002,13059
South Africa,ZAF,Africa,59308690,deaths,969,2020-35,36.909000,14028
South Africa,ZAF,Africa,59308690,deaths,861,2020-36,30.856001,14889
South Africa,ZAF,Africa,59308690,deaths,558,2020-37,23.926001,15447
South Africa,ZAF,Africa,59308690,deaths,506,2020-38,17.940001,15953
South Africa,ZAF,Africa,59308690,deaths,445,2020-39,16.035000,16398
South Africa,ZAF,Africa,59308690,deaths,578,2020-40,17.249001,16976
South Africa,ZAF,Africa,59308690,deaths,804,2020-41,23.302000,17780
South Africa,ZAF,Africa,59308690,deaths,691,2020-42,25.207001,18471
South Africa,ZAF,Africa,59308690,deaths,497,2020-43,20.031000,18968
South Africa,ZAF,Africa,59308690,deaths,443,2020-44,15.849000,19411
South Africa,ZAF,Africa,59308690,deaths,398,2020-45,14.180000,19809
South Africa,ZAF,Africa,59308690,deaths,432,2020-46,13.995000,20241
South Africa,ZAF,Africa,59308690,deaths,662,2020-47,18.445999,20903
South Africa,ZAF,Africa,59308690,deaths,574,2020-48,20.840000,21477
South Africa,ZAF,Africa,59308690,deaths,729,2020-49,21.969999,22206
South Africa,ZAF,Africa,59308690,deaths,1070,2020-50,30.333000,23276
South Africa,ZAF,Africa,59308690,deaths,1415,2020-51,41.898998,24691
South Africa,ZAF,Africa,59308690,deaths,2380,2020-52,63.987000,27071
South Africa,ZAF,Africa,59308690,deaths,2506,2020-53,82.383003,29577
South Africa,ZAF,Africa,59308690,deaths,3586,2021-1,102.717003,33163
South Africa,ZAF,Africa,59308690,deaths,3942,2021-2,126.929001,37105
South Africa,ZAF,Africa,59308690,deaths,3769,2021-3,130.014999,40874
South Africa,ZAF,Africa,59308690,deaths,3525,2021-4,122.984001,44399
South Africa,ZAF,Africa,59308690,deaths,1891,2021-5,91.319000,46290
South Africa,ZAF,Africa,59308690,deaths,1609,2021-6,59.013000,47899
South Africa,ZAF,Africa,59308690,deaths,1154,2021-7,46.587002,49053
South Africa,ZAF,Africa,59308690,deaths,888,2021-8,34.430000,49941
South Africa,ZAF,Africa,59308690,deaths,706,2021-9,26.875999,50647
South Africa,ZAF,Africa,59308690,deaths,679,2021-10,23.351999,51326
South Africa,ZAF,Africa,59308690,deaths,785,2021-11,24.684000,52111
South Africa,ZAF,Africa,59308690,deaths,552,2021-12,22.542999,52663
South Africa,ZAF,Africa,59308690,deaths,324,2021-13,14.770000,52987
South Africa,ZAF,Africa,59308690,deaths,335,2021-14,11.111000,53322
South Africa,ZAF,Africa,59308690,deaths,414,2021-15,12.629000,53736
