country,country_code,continent,population,indicator,weekly_count,year_week,rate_14_day,cumulative_count
Brazil,BRA,America,212559409,cases,0,2020-1,0.000000,0
Brazil,BRA,America,212559409,cases,0,2020-2,0.000000,0
Brazil,BRA,America,212559409,cases,0,2020-3,0.000000,0
Brazil,BRA,America,212559409,cases,0,2020-4,0.000000,0
Brazil,BRA,America,212559409,cases,0,2020-5,0.000000,0
Brazil,BRA,America,212559409,cases,0,2020-6,0.000000,0
Brazil,BRA,America,212559409,cases,0,2020-7,0.000000,0
Brazil,BRA,America,212559409,cases,0,2020-8,0.000000,0
Brazil,BRA,America,212559409,cases,2,2020-9,0.000941,2
Brazil,BRA,America,212559409,cases,23,2020-10,0.011761,25
Brazil,BRA,America,212559409,cases,175,2020-11,0.093150,200
Brazil,BRA,America,212559409,cases,1346,2020-12,0.715565,1546
Brazil,BRA,America,212559409,cases,2710,2020-13,1.908172,4256
Brazil,BRA,America,212559409,cases,6874,2020-14,4.508857,11130
Brazil,BRA,America,212559409,cases,11039,2020-15,8.427291,22169
Brazil,BRA,America,212559409,deaths,0,2020-1,0.000000,0
Brazil,BRA,America,212559409,deaths,0,2020-2,0.000000,0
Brazil,BRA,America,212559409,deaths,0,2020-3,0.000000,0
Brazil,BRA,America,212559409,deaths,0,2020-4,0.000000,0
Brazil,BRA,America,212559409,deaths,0,2020-5,0.000000,0
Brazil,BRA,America,212559409,deaths,0,2020-6,0.000000,0
Brazil,BRA,America,212559409,deaths,0,2020-7,0.000000,0
Brazil,BRA,America,212559409,deaths,0,2020-8,0.000000,0
Brazil,BRA,America,212559409,deaths,0,2020-9,0.000000,0
Brazil,BRA,America,212559409,deaths,0,2020-10,0.000000,0
Brazil,BRA,America,212559409,deaths,0,2020-11,0.000000,0
Brazil,BRA,America,212559409,deaths,25,2020-12,0.117614,25
Brazil,BRA,America,212559409,deaths,111,2020-13,0.639821,136
Brazil,BRA,America,212559409,deaths,350,2020-14,2.168805,486
Brazil,BRA,America,212559409,deaths,737,2020-15,5.113864,1223
China,CHN,Asia,1439323774,cases,59,2020-1,0.000000,59
China,CHN,Asia,1439323774,cases,0,2020-2,0.004099,59
China,CHN,Asia,1439323774,cases,176,2020-3,0.012228,235
China,CHN,Asia,1439323774,cases,2540,2020-4,0.188700,2775
China,CHN,Asia,1439323774,cases,14436,2020-5,1.179443,17211
China,CHN,Asia,1439323774,cases,22995,2020-6,2.600596,40206
China,CHN,Asia,1439323774,cases,30412,2020-7,3.710562,70618
China,CHN,Asia,1439323774,cases,6616,2020-8,2.572597,77234
China,CHN,Asia,1439323774,cases,2900,2020-9,0.661144,80134
China,CHN,Asia,1439323774,cases,725,2020-10,0.251854,80859
China,CHN,Asia,1439323774,cases,161,2020-11,0.061557,81020
China,CHN,Asia,1439323774,cases,464,2020-12,0.043423,81484
China,CHN,Asia,1439323774,cases,673,2020-13,0.078995,82157
China,CHN,Asia,1439323774,cases,485,2020-14,0.080454,82642
China,CHN,Asia,1439323774,cases,567,2020-15,0.073090,83209
China,CHN,Asia,1439323774,deaths,0,2020-1,0.000000,0
China,CHN,Asia,1439323774,deaths,1,2020-2,0.000695,1
China,CHN,Asia,1439323774,deaths,2,2020-3,0.002084,3
China,CHN,Asia,1439323774,deaths,78,2020-4,0.055582,81
China,CHN,Asia,1439323774,deaths,280,2020-5,0.248728,361
China,CHN,Asia,1439323774,deaths,548,2020-6,0.575270,909
China,CHN,Asia,1439323774,deaths,862,2020-7,0.979627,1771
China,CHN,Asia,1439323774,deaths,824,2020-8,1.171383,2595
China,CHN,Asia,1439323774,deaths,319,2020-9,0.794123,2914
China,CHN,Asia,1439323774,deaths,208,2020-10,0.366144,3122
China,CHN,Asia,1439323774,deaths,94,2020-11,0.209821,3216
China,CHN,Asia,1439323774,deaths,58,2020-12,0.105605,3274
China,CHN,Asia,1439323774,deaths,32,2020-13,0.062529,3306
China,CHN,Asia,1439323774,deaths,29,2020-14,0.042381,3335
China,CHN,Asia,1439323774,deaths,10,2020-15,0.027096,3345
Egypt,EGY,Africa,102334403,cases,0,2020-1,0.000000,0
Egypt,EGY,Africa,102334403,cases,0,2020-2,0.000000,0
Egypt,EGY,Africa,102334403,cases,0,2020-3,0.000000,0
Egypt,EGY,Africa,102334403,cases,0,2020-4,0.000000,0
Egypt,EGY,Africa,102334403,cases,0,2020-5,0.000000,0
Egypt,EGY,Africa,102334403,cases,0,2020-6,0.000000,0
Egypt,EGY,Africa,102334403,cases,1,2020-7,0.000977,1
Egypt,EGY,Africa,102334403,cases,0,2020-8,0.000977,1
Egypt,EGY,Africa,102334403,cases,1,2020-9,0.000977,2
Egypt,EGY,Africa,102334403,cases,47,2020-10,0.046905,49
Egypt,EGY,Africa,102334403,cases,61,2020-11,0.105536,110
Egypt,EGY,Africa,102334403,cases,184,2020-12,0.239411,294
Egypt,EGY,Africa,102334403,cases,282,2020-13,0.455370,576
Egypt,EGY,Africa,102334403,cases,494,2020-14,0.758298,1070
Egypt,EGY,Africa,102334403,cases,995,2020-15,1.455034,2065
Egypt,EGY,Africa,102334403,deaths,0,2020-1,0.000000,0
Egypt,EGY,Africa,102334403,deaths,0,2020-2,0.000000,0
Egypt,EGY,Africa,102334403,deaths,0,2020-3,0.000000,0
Egypt,EGY,Africa,102334403,deaths,0,2020-4,0.000000,0
Egypt,EGY,Africa,102334403,deaths,0,2020-5,0.000000,0
Egypt,EGY,Africa,102334403,deaths,0,2020-6,0.000000,0
Egypt,EGY,Africa,102334403,deaths,0,2020-7,0.000000,0
Egypt,EGY,Africa,102334403,deaths,0,2020-8,0.000000,0
Egypt,EGY,Africa,102334403,deaths,0,2020-9,0.000000,0
Egypt,EGY,Africa,102334403,deaths,1,2020-10,0.009772,1
Egypt,EGY,Africa,102334403,deaths,1,2020-11,0.019544,2
Egypt,EGY,Africa,102334403,deaths,8,2020-12,0.087947,10
Egypt,EGY,Africa,102334403,deaths,26,2020-13,0.332244,36
Egypt,EGY,Africa,102334403,deaths,35,2020-14,0.596085,71
Egypt,EGY,Africa,102334403,deaths,88,2020-15,1.201942,159
France,FRA,Europe,67320216,cases,0,2020-1,0.000000,0
France,FRA,Europe,67320216,cases,0,2020-2,0.000000,0
France,FRA,Europe,67320216,cases,0,2020-3,0.000000,0
France,FRA,Europe,67320216,cases,3,2020-4,0.004456,3
France,FRA,Europe,67320216,cases,3,2020-5,0.008913,6
France,FRA,Europe,67320216,cases,5,2020-6,0.011884,11
France,FRA,Europe,67320216,cases,1,2020-7,0.008913,12
France,FRA,Europe,67320216,cases,0,2020-8,0.001485,12
France,FRA,Europe,67320216,cases,118,2020-9,0.175282,130
France,FRA,Europe,67320216,cases,996,2020-10,1.654778,1126
France,FRA,Europe,67320216,cases,4297,2020-11,7.862423,5423
France,FRA,Europe,67320216,cases,10595,2020-12,22.121141,16018
France,FRA,Europe,67320216,cases,24156,2020-13,51.620453,40174
France,FRA,Europe,67320216,cases,30304,2020-14,80.896950,70478
France,FRA,Europe,67320216,cases,24925,2020-15,82.039253,95403
France,FRA,Europe,67320216,deaths,0,2020-1,0.000000,0
France,FRA,Europe,67320216,deaths,0,2020-2,0.000000,0
France,FRA,Europe,67320216,deaths,0,2020-3,0.000000,0
France,FRA,Europe,67320216,deaths,0,2020-4,0.000000,0
France,FRA,Europe,67320216,deaths,0,2020-5,0.000000,0
France,FRA,Europe,67320216,deaths,0,2020-6,0.000000,0
France,FRA,Europe,67320216,deaths,1,2020-7,0.014854,1
France,FRA,Europe,67320216,deaths,0,2020-8,0.014854,1
France,FRA,Europe,67320216,deaths,1,2020-9,0.014854,2
France,FRA,Europe,67320216,deaths,17,2020-10,0.267379,19
France,FRA,Europe,67320216,deaths,108,2020-11,1.856797,127
France,FRA,Europe,67320216,deaths,547,2020-12,9.729618,674
France,FRA,Europe,67320216,deaths,1932,2020-13,36.824005,2606
France,FRA,Europe,67320216,deaths,5472,2020-14,109.981819,8078
France,FRA,Europe,67320216,deaths,6315,2020-15,175.088562,14393
Germany,DEU,Europe,83166711,cases,0,2020-1,0.000000,0
Germany,DEU,Europe,83166711,cases,0,2020-2,0.000000,0
Germany,DEU,Europe,83166711,cases,0,2020-3,0.000000,0
Germany,DEU,Europe,83166711,cases,0,2020-4,0.000000,0
Germany,DEU,Europe,83166711,cases,9,2020-5,0.010822,9
Germany,DEU,Europe,83166711,cases,4,2020-6,0.015631,13
Germany,DEU,Europe,83166711,cases,2,2020-7,0.007214,15
Germany,DEU,Europe,83166711,cases,0,2020-8,0.002405,15
Germany,DEU,Europe,83166711,cases,114,2020-9,0.137074,129
Germany,DEU,Europe,83166711,cases,773,2020-10,1.066532,902
Germany,DEU,Europe,83166711,cases,3936,2020-11,5.662121,4838
Germany,DEU,Europe,83166711,cases,19936,2020-12,28.703793,24774
Germany,DEU,Europe,83166711,cases,32524,2020-13,63.078121,57298
Germany,DEU,Europe,83166711,cases,38093,2020-14,84.910172,95391
Germany,DEU,Europe,83166711,cases,27625,2020-15,79.019600,123016
Germany,DEU,Europe,83166711,deaths,0,2020-1,0.000000,0
Germany,DEU,Europe,83166711,deaths,0,2020-2,0.000000,0
Germany,DEU,Europe,83166711,deaths,0,2020-3,0.000000,0
Germany,DEU,Europe,83166711,deaths,0,2020-4,0.000000,0
Germany,DEU,Europe,83166711,deaths,0,2020-5,0.000000,0
Germany,DEU,Europe,83166711,deaths,0,2020-6,0.000000,0
Germany,DEU,Europe,83166711,deaths,0,2020-7,0.000000,0
Germany,DEU,Europe,83166711,deaths,0,2020-8,0.000000,0
Germany,DEU,Europe,83166711,deaths,0,2020-9,0.000000,0
Germany,DEU,Europe,83166711,deaths,0,2020-10,0.000000,0
Germany,DEU,Europe,83166711,deaths,12,2020-11,0.144288,12
Germany,DEU,Europe,83166711,deaths,82,2020-12,1.130260,94
Germany,DEU,Europe,83166711,deaths,361,2020-13,5.326651,455
Germany,DEU,Europe,83166711,deaths,979,2020-14,16.112215,1434
Germany,DEU,Europe,83166711,deaths,1365,2020-15,28.184353,2799
Italy,ITA,Europe,59641488,cases,0,2020-1,0.000000,0
Italy,ITA,Europe,59641488,cases,0,2020-2,0.000000,0
Italy,ITA,Europe,59641488,cases,0,2020-3,0.000000,0
Italy,ITA,Europe,59641488,cases,0,2020-4,0.000000,0
Italy,ITA,Europe,59641488,cases,3,2020-5,0.005030,3
Italy,ITA,Europe,59641488,cases,0,2020-6,0.005030,3
Italy,ITA,Europe,59641488,cases,0,2020-7,0.000000,3
Italy,ITA,Europe,59641488,cases,129,2020-8,0.216292,132
Italy,ITA,Europe,59641488,cases,1557,2020-9,2.826891,1689
Italy,ITA,Europe,59641488,cases,5686,2020-10,12.144231,7375
Italy,ITA,Europe,59641488,cases,16605,2020-11,37.374989,23980
Italy,ITA,Europe,59641488,cases,35158,2020-12,86.790253,59138
Italy,ITA,Europe,59641488,cases,38551,2020-13,123.586792,97689
Italy,ITA,Europe,59641488,cases,31259,2020-14,117.049393,128948
Italy,ITA,Europe,59641488,cases,27415,2020-15,98.377831,156363
Italy,ITA,Europe,59641488,deaths,0,2020-1,0.000000,0
Italy,ITA,Europe,59641488,deaths,0,2020-2,0.000000,0
Italy,ITA,Europe,59641488,deaths,0,2020-3,0.000000,0
Italy,ITA,Europe,59641488,deaths,0,2020-4,0.000000,0
Italy,ITA,Europe,59641488,deaths,0,2020-5,0.000000,0
Italy,ITA,Europe,59641488,deaths,0,2020-6,0.000000,0
Italy,ITA,Europe,59641488,deaths,0,2020-7,0.000000,0
Italy,ITA,Europe,59641488,deaths,2,2020-8,0.033534,2
Italy,ITA,Europe,59641488,deaths,33,2020-9,0.586840,35
Italy,ITA,Europe,59641488,deaths,331,2020-10,6.103134,366
Italy,ITA,Europe,59641488,deaths,1445,2020-11,29.777929,1811
Italy,ITA,Europe,59641488,deaths,3665,2020-12,85.678612,5476
Italy,ITA,Europe,59641488,deaths,5305,2020-13,150.398666,10781
Italy,ITA,Europe,59641488,deaths,5108,2020-14,174.593231,15889
Italy,ITA,Europe,59641488,deaths,4012,2020-15,152.913696,19901
Mexico,MEX,America,128932753,cases,0,2020-1,0.000000,0
Mexico,MEX,America,128932753,cases,0,2020-2,0.000000,0
Mexico,MEX,America,128932753,cases,1,2020-3,0.000776,1
Mexico,MEX,America,128932753,cases,0,2020-4,0.000776,1
Mexico,MEX,America,128932753,cases,1,2020-5,0.000776,2
Mexico,MEX,America,128932753,cases,0,2020-6,0.000776,2
Mexico,MEX,America,128932753,cases,1,2020-7,0.000776,3
Mexico,MEX,America,128932753,cases,1,2020-8,0.001551,4
Mexico,MEX,America,128932753,cases,11,2020-9,0.009307,15
Mexico,MEX,America,128932753,cases,14,2020-10,0.019390,29
Mexico,MEX,America,128932753,cases,216,2020-11,0.178388,245
Mexico,MEX,America,128932753,cases,654,2020-12,0.674770,899
Mexico,MEX,America,128932753,cases,1221,2020-13,1.454247,2120
Mexico,MEX,America,128932753,cases,2083,2020-14,2.562576,4203
Mexico,MEX,America,128932753,cases,3386,2020-15,4.241746,7589
Mexico,MEX,America,128932753,deaths,0,2020-1,0.000000,0
Mexico,MEX,America,128932753,deaths,0,2020-2,0.000000,0
Mexico,MEX,America,128932753,deaths,0,2020-3,0.000000,0
Mexico,MEX,America,128932753,deaths,0,2020-4,0.000000,0
Mexico,MEX,America,128932753,deaths,0,2020-5,0.000000,0
Mexico,MEX,America,128932753,deaths,0,2020-6,0.000000,0
Mexico,MEX,America,128932753,deaths,0,2020-7,0.000000,0
Mexico,MEX,America,128932753,deaths,0,2020-8,0.000000,0
Mexico,MEX,America,128932753,deaths,0,2020-9,0.000000,0
Mexico,MEX,America,128932753,deaths,0,2020-10,0.000000,0
Mexico,MEX,America,128932753,deaths,0,2020-11,0.000000,0
Mexico,MEX,America,128932753,deaths,2,2020-12,0.015512,2
Mexico,MEX,America,128932753,deaths,18,2020-13,0.155120,20
Mexico,MEX,America,128932753,deaths,74,2020-14,0.713550,94
Mexico,MEX,America,128932753,deaths,202,2020-15,2.140651,296
South Africa,ZAF,Africa,59308690,cases,3,2020-10,0.000000,3
South Africa,ZAF,Africa,59308690,cases,48,2020-11,0.085991,51
South Africa,ZAF,Africa,59308690,cases,223,2020-12,0.456931,274
South Africa,ZAF,Africa,59308690,cases,1006,2020-13,2.072209,1280
South Africa,ZAF,Africa,59308690,cases,375,2020-14,2.328495,1655
South Africa,ZAF,Africa,59308690,cases,518,2020-15,1.505682,2173
South Africa,ZAF,Africa,59308690,deaths,0,2020-10,0.000000,0
South Africa,ZAF,Africa,59308690,deaths,0,2020-11,0.000000,0
South Africa,ZAF,Africa,59308690,deaths,0,2020-12,0.000000,0
South Africa,ZAF,Africa,59308690,deaths,2,2020-13,0.033722,2
South Africa,ZAF,Africa,59308690,deaths,9,2020-14,0.185470,11
South Africa,ZAF,Africa,59308690,deaths,14,2020-15,0.387802,25
Thailand,THA,Asia,69799978,cases,0,2020-1,0.000000,0
Thailand,THA,Asia,69799978,cases,1,2020-2,0.001433,1
Thailand,THA,Asia,69799978,cases,1,2020-3,0.002865,2
Thailand,THA,Asia,69799978,cases,6,2020-4,0.010029,8
Thailand,THA,Asia,69799978,cases,11,2020-5,0.024355,19
Thailand,THA,Asia,69799978,cases,13,2020-6,0.034384,32
Thailand,THA,Asia,69799978,cases,2,2020-7,0.021490,34
Thailand,THA,Asia,69799978,cases,1,2020-8,0.004298,35
Thailand,THA,Asia,69799978,cases,8,2020-9,0.012894,43
Thailand,THA,Asia,69799978,cases,7,2020-10,0.021490,50
Thailand,THA,Asia,69799978,cases,64,2020-11,0.101719,114
Thailand,THA,Asia,69799978,cases,607,2020-12,0.961318,721
Thailand,THA,Asia,69799978,cases,667,2020-13,1.825215,1388
Thailand,THA,Asia,69799978,cases,832,2020-14,2.147565,2220
Thailand,THA,Asia,69799978,cases,359,2020-15,1.706304,2579
Thailand,THA,Asia,69799978,deaths,0,2020-1,0.000000,0
Thailand,THA,Asia,69799978,deaths,0,2020-2,0.000000,0
Thailand,THA,Asia,69799978,deaths,0,2020-3,0.000000,0
Thailand,THA,Asia,69799978,deaths,0,2020-4,0.000000,0
Thailand,THA,Asia,69799978,deaths,0,2020-5,0.000000,0
Thailand,THA,Asia,69799978,deaths,0,2020-6,0.000000,0
Thailand,THA,Asia,69799978,deaths,0,2020-7,0.000000,0
Thailand,THA,Asia,69799978,deaths,0,2020-8,0.000000,0
Thailand,THA,Asia,69799978,deaths,1,2020-9,0.014327,1
Thailand,THA,Asia,69799978,deaths,0,2020-10,0.014327,1
Thailand,THA,Asia,69799978,deaths,0,2020-11,0.000000,1
Thailand,THA,Asia,69799978,deaths,0,2020-12,0.000000,1
Thailand,THA,Asia,69799978,deaths,6,2020-13,0.085960,7
Thailand,THA,Asia,69799978,deaths,19,2020-14,0.358166,26
Thailand,THA,Asia,69799978,deaths,14,2020-15,0.472780,40
Turkey,TUR,Europe,83154997,cases,18,2020-11,0.000000,18
Turkey,TUR,Europe,83154997,cases,1218,2020-12,1.486381,1236
Turkey,TUR,Europe,83154997,cases,8035,2020-13,11.127413,9271
Turkey,TUR,Europe,83154997,cases,17798,2020-14,31.066082,27069
Turkey,TUR,Europe,83154997,cases,29887,2020-15,57.344719,56956
Turkey,TUR,Europe,83154997,deaths,0,2020-11,0.000000,0
Turkey,TUR,Europe,83154997,deaths,30,2020-12,0.360772,30
Turkey,TUR,Europe,83154997,deaths,101,2020-13,1.575371,131
Turkey,TUR,Europe,83154997,deaths,443,2020-14,6.542000,574
Turkey,TUR,Europe,83154997,deaths,624,2020-15,12.831460,1198
United Kingdom,GBR,Europe,68059863,cases,0,2020-1,0.000000,0
United Kingdom,GBR,Europe,68059863,cases,0,2020-2,0.000000,0
United Kingdom,GBR,Europe,68059863,cases,0,2020-3,0.000000,0
United Kingdom,GBR,Europe,68059863,cases,0,2020-4,0.000000,0
United Kingdom,GBR,Europe,68059863,cases,2,2020-5,0.002939,2
United Kingdom,GBR,Europe,68059863,cases,6,2020-6,0.011754,8
United Kingdom,GBR,Europe,68059863,cases,2,2020-7,0.011754,10
United Kingdom,GBR,Europe,68059863,cases,1,2020-8,0.004408,11
United Kingdom,GBR,Europe,68059863,cases,36,2020-9,0.054364,47
United Kingdom,GBR,Europe,68059863,cases,365,2020-10,0.589187,412
United Kingdom,GBR,Europe,68059863,cases,2193,2020-11,3.758456,2605
United Kingdom,GBR,Europe,68059863,cases,6329,2020-12,12.521330,8934
United Kingdom,GBR,Europe,68059863,cases,17889,2020-13,35.583382,26823
United Kingdom,GBR,Europe,68059863,cases,30357,2020-14,70.887596,57180
United Kingdom,GBR,Europe,68059863,cases,32205,2020-15,91.922020,89385
United Kingdom,GBR,Europe,68059863,deaths,0,2020-1,0.000000,0
United Kingdom,GBR,Europe,68059863,deaths,0,2020-2,0.000000,0
United Kingdom,GBR,Europe,68059863,deaths,0,2020-3,0.000000,0
United Kingdom,GBR,Europe,68059863,deaths,0,2020-4,0.000000,0
United Kingdom,GBR,Europe,68059863,deaths,0,2020-5,0.000000,0
United Kingdom,GBR,Europe,68059863,deaths,0,2020-6,0.000000,0
United Kingdom,GBR,Europe,68059863,deaths,0,2020-7,0.000000,0
United Kingdom,GBR,Europe,68059863,deaths,0,2020-8,0.000000,0
United Kingdom,GBR,Europe,68059863,deaths,0,2020-9,0.000000,0
United Kingdom,GBR,Europe,68059863,deaths,2,2020-10,0.029386,2
United Kingdom,GBR,Europe,68059863,deaths,41,2020-11,0.631797,43
United Kingdom,GBR,Europe,68059863,deaths,245,2020-12,4.202183,288
United Kingdom,GBR,Europe,68059863,deaths,1388,2020-13,23.993584,1676
United Kingdom,GBR,Europe,68059863,deaths,4197,2020-14,82.060112,5873
United Kingdom,GBR,Europe,68059863,deaths,6440,2020-15,156.288879,12313
United Republic Of Tanzania,TZA,Africa,59734213,cases,12,2020-12,0.000000,12
United Republic Of Tanzania,TZA,Africa,59734213,cases,2,2020-13,0.023437,14
United Republic Of Tanzania,TZA,Africa,59734213,cases,8,2020-14,0.016741,22
United Republic Of Tanzania,TZA,Africa,59734213,cases,10,2020-15,0.030133,32
United Republic Of Tanzania,TZA,Africa,59734213,deaths,0,2020-12,0.000000,0
United Republic Of Tanzania,TZA,Africa,59734213,deaths,1,2020-13,0.016741,1
United Republic Of Tanzania,TZA,Africa,59734213,deaths,0,2020-14,0.016741,1
United Republic Of Tanzania,TZA,Africa,59734213,deaths,2,2020-15,0.033482,3
United States Of America,USA,America,331002647,cases,0,2020-1,0.000000,0
United States Of America,USA,America,331002647,cases,0,2020-2,0.000000,0
United States Of America,USA,America,331002647,cases,0,2020-3,0.000000,0
United States Of America,USA,America,331002647,cases,5,2020-4,0.001511,5
United States Of America,USA,America,331002647,cases,6,2020-5,0.003323,11
United States Of America,USA,America,331002647,cases,1,2020-6,0.002115,12
United States Of America,USA,America,331002647,cases,3,2020-7,0.001208,15
United States Of America,USA,America,331002647,cases,20,2020-8,0.006949,35
United States Of America,USA,America,331002647,cases,54,2020-9,0.022356,89
United States Of America,USA,America,331002647,cases,465,2020-10,0.156796,554
United States Of America,USA,America,331002647,cases,3220,2020-11,1.113284,3774
United States Of America,USA,America,331002647,cases,31432,2020-12,10.468799,35206
United States Of America,USA,America,331002647,cases,107819,2020-13,42.069450,143025
United States Of America,USA,America,331002647,cases,194610,2020-14,91.367546,337635
United States Of America,USA,America,331002647,cases,219936,2020-15,125.239479,557571
United States Of America,USA,America,331002647,deaths,0,2020-1,0.000000,0
United States Of America,USA,America,331002647,deaths,0,2020-2,0.000000,0
United States Of America,USA,America,331002647,deaths,0,2020-3,0.000000,0
United States Of America,USA,America,331002647,deaths,0,2020-4,0.000000,0
United States Of America,USA,America,331002647,deaths,0,2020-5,0.000000,0
United States Of America,USA,America,331002647,deaths,0,2020-6,0.000000,0
United States Of America,USA,America,331002647,deaths,0,2020-7,0.000000,0
United States Of America,USA,America,331002647,deaths,0,2020-8,0.000000,0
United States Of America,USA,America,331002647,deaths,2,2020-9,0.006042,2
United States Of America,USA,America,331002647,deaths,19,2020-10,0.063444,21
United States Of America,USA,America,331002647,deaths,48,2020-11,0.202415,69
United States Of America,USA,America,331002647,deaths,402,2020-12,1.359506,471
United States Of America,USA,America,331002647,deaths,2038,2020-13,7.371542,2509
United States Of America,USA,America,331002647,deaths,7138,2020-14,27.721832,9647
United States Of America,USA,America,331002647,deaths,12461,2020-15,59.211006,22108
